Length0	Length1	Length2	Length3	Length4	Length5	Length6	Length7	Length8	Length9	Angle0	Angle1	Angle2	Angle3	Angle4	Angle5	Angle6	Angle7	Angle8	Angle9	type
continuous	continuous	continuous	continuous	continuous	continuous	continuous	continuous	continuous	continuous	continuous	continuous	continuous	continuous	continuous	continuous	continuous	continuous	continuous	continuous	jhead jtail ohead otail
																				class
1.184	1.130	1.346	1.292	1.119	1.012	0.635	0.786	0.743	0.753	0.000	0.000	0.004	0.005	0.005	0.005	0.004	0.004	0.000	0.000	jhead
1.025	1.272	1.420	1.370	1.037	1.000	0.926	0.840	0.580	0.531	0.000	0.000	0.004	0.004	0.006	0.005	0.004	0.004	0.000	0.000	jhead
0.873	1.384	1.698	1.364	1.079	0.913	0.873	0.658	0.648	0.510	0.000	0.000	0.004	0.005	0.005	0.005	0.004	0.004	0.000	0.000	jhead
0.953	1.247	1.365	1.400	1.118	0.988	0.894	0.800	0.682	0.553	0.000	0.000	0.003	0.003	0.007	0.009	0.003	0.002	0.000	0.000	jhead
0.768	1.414	1.147	1.225	1.325	0.991	0.947	0.690	0.768	0.724	0.000	0.000	0.004	0.003	0.008	0.005	0.004	0.004	0.000	0.000	jhead
0.996	1.422	1.387	1.342	1.058	1.067	0.871	0.693	0.498	0.667	0.000	0.000	0.004	0.005	0.006	0.005	0.005	0.003	0.000	0.000	jhead
0.910	0.923	1.599	1.378	1.095	1.119	0.959	0.627	0.566	0.824	0.000	0.000	0.005	0.005	0.005	0.005	0.005	0.003	0.000	0.000	jhead
0.895	1.185	1.487	1.572	1.161	0.665	0.810	0.653	0.677	0.895	0.000	0.000	0.004	0.003	0.007	0.008	0.004	0.003	0.000	0.000	jhead
1.097	1.150	1.435	1.287	1.276	0.992	0.886	0.897	0.549	0.432	0.000	0.000	0.004	0.004	0.006	0.005	0.005	0.003	0.000	0.000	jhead
1.027	1.362	1.038	1.484	1.295	0.893	0.770	0.748	0.759	0.625	0.000	0.000	0.005	0.004	0.004	0.005	0.005	0.005	0.000	0.000	jhead
1.061	1.238	1.124	1.634	1.197	0.947	0.843	0.635	0.739	0.583	0.000	0.000	0.002	0.004	0.008	0.008	0.004	0.002	0.000	0.000	jhead
1.024	1.391	1.207	1.207	1.076	0.735	0.984	0.853	0.761	0.761	0.000	0.000	0.005	0.004	0.004	0.005	0.005	0.004	0.000	0.000	jhead
1.108	1.056	1.440	1.440	1.091	0.951	0.820	0.934	0.733	0.428	0.000	0.000	0.004	0.005	0.005	0.006	0.005	0.003	0.000	0.000	jhead
1.035	1.181	1.496	1.181	1.282	0.911	0.675	0.765	0.742	0.731	0.000	0.000	0.003	0.005	0.006	0.006	0.004	0.004	0.000	0.000	jhead
1.057	1.777	1.335	1.374	1.057	0.989	0.749	0.682	0.461	0.519	0.000	0.000	0.004	0.005	0.005	0.005	0.004	0.005	0.000	0.000	jhead
1.105	1.389	1.474	1.326	0.958	0.779	1.116	0.537	0.705	0.611	0.000	0.000	0.003	0.003	0.008	0.007	0.004	0.003	0.000	0.000	jhead
0.910	0.923	1.599	1.378	1.095	1.119	0.959	0.627	0.566	0.824	0.000	0.000	0.005	0.005	0.005	0.005	0.005	0.003	0.000	0.000	jhead
0.951	1.392	1.412	1.333	1.147	0.931	0.735	0.882	0.637	0.578	0.000	0.000	0.005	0.005	0.005	0.004	0.004	0.004	0.000	0.000	jhead
0.925	1.328	1.317	1.328	1.164	1.034	1.055	0.740	0.588	0.522	0.000	0.000	0.005	0.005	0.004	0.006	0.004	0.003	0.000	0.000	jhead
0.920	1.632	0.982	1.215	1.264	0.982	0.798	0.883	0.650	0.675	0.000	0.000	0.005	0.004	0.006	0.005	0.005	0.003	0.000	0.000	jhead
0.996	1.345	1.208	1.569	1.021	0.934	0.971	0.697	0.635	0.623	0.000	0.000	0.002	0.002	0.014	0.006	0.002	0.002	0.000	0.000	jhead
0.978	1.050	1.432	1.473	1.123	1.030	1.020	0.834	0.494	0.566	0.000	0.000	0.005	0.005	0.005	0.005	0.004	0.003	0.000	0.000	jtail
1.035	1.163	1.267	1.337	1.116	0.965	0.767	0.919	0.663	0.767	0.000	0.000	0.004	0.004	0.006	0.005	0.004	0.004	0.000	0.000	jtail
0.830	1.446	1.200	1.592	1.110	0.987	0.661	0.684	0.807	0.684	0.000	0.000	0.003	0.004	0.006	0.006	0.004	0.004	0.000	0.000	jtail
1.268	1.501	1.416	1.099	1.078	0.909	0.698	0.740	0.603	0.687	0.000	0.000	0.003	0.004	0.006	0.007	0.004	0.004	0.000	0.000	jtail
0.933	1.310	1.300	1.415	1.174	1.006	0.744	0.681	0.639	0.797	0.000	0.000	0.003	0.004	0.006	0.007	0.003	0.004	0.000	0.000	jtail
1.077	1.192	1.365	1.404	1.240	1.144	0.721	0.750	0.625	0.481	0.000	0.000	0.003	0.004	0.006	0.008	0.005	0.003	0.000	0.000	jtail
1.093	0.991	1.347	1.296	1.296	0.978	0.775	0.712	0.648	0.864	0.000	0.000	0.003	0.004	0.006	0.008	0.003	0.003	0.000	0.000	jtail
0.934	1.110	1.183	1.328	1.162	1.079	0.768	0.985	0.809	0.643	0.000	0.000	0.003	0.005	0.007	0.005	0.005	0.003	0.000	0.000	jtail
1.257	1.531	1.191	1.115	1.134	0.832	0.728	0.586	0.756	0.870	0.000	0.000	0.004	0.004	0.004	0.005	0.006	0.004	0.000	0.000	jtail
0.916	1.207	1.084	1.307	1.151	0.950	0.704	1.039	0.816	0.827	0.000	0.000	0.004	0.004	0.006	0.006	0.005	0.003	0.000	0.000	jtail
1.161	1.336	1.347	1.501	1.402	0.811	0.745	0.559	0.570	0.570	0.000	0.000	0.003	0.003	0.012	0.007	0.002	0.002	0.000	0.000	jtail
0.928	1.312	1.403	1.244	1.346	0.871	0.894	0.848	0.667	0.486	0.000	0.000	0.003	0.004	0.010	0.006	0.003	0.002	0.000	0.000	jtail
1.211	1.211	1.321	1.302	1.111	1.029	0.920	0.628	0.619	0.647	0.000	0.000	0.004	0.005	0.005	0.005	0.005	0.003	0.000	0.000	jtail
1.296	1.312	1.255	1.498	1.126	1.045	0.818	0.632	0.543	0.478	0.000	0.000	0.006	0.005	0.004	0.004	0.005	0.004	0.000	0.000	jtail
1.125	1.369	1.517	1.508	1.029	1.011	0.697	0.628	0.549	0.567	0.000	0.000	0.004	0.004	0.005	0.004	0.005	0.004	0.000	0.000	jtail
0.933	1.310	1.300	1.415	1.174	1.006	0.744	0.681	0.639	0.797	0.000	0.000	0.003	0.004	0.006	0.007	0.003	0.004	0.000	0.000	jtail
1.270	1.319	1.565	1.211	1.270	0.935	0.787	0.679	0.591	0.374	0.000	0.000	0.005	0.004	0.004	0.005	0.005	0.006	0.000	0.000	jtail
0.901	1.220	1.231	1.462	1.154	1.022	0.747	0.769	0.912	0.582	0.000	0.000	0.004	0.004	0.006	0.005	0.004	0.005	0.000	0.000	jtail
0.968	1.295	1.214	1.260	1.190	0.793	0.945	0.677	0.840	0.817	0.000	0.000	0.005	0.004	0.005	0.005	0.005	0.003	0.000	0.000	jtail
1.148	1.368	1.258	1.160	1.111	0.891	0.806	0.708	0.818	0.733	0.000	0.000	0.003	0.003	0.009	0.006	0.003	0.003	0.000	0.000	jtail
1.050	1.234	1.349	1.142	1.084	0.877	0.796	0.784	0.934	0.750	0.000	0.000	0.004	0.003	0.006	0.007	0.004	0.003	0.000	0.000	jtail
0.998	1.277	1.248	1.367	1.347	0.968	0.848	0.858	0.469	0.619	0.000	0.000	0.003	0.004	0.009	0.006	0.003	0.003	0.000	0.000	jtail
0.744	1.489	1.290	1.439	0.868	0.856	0.980	0.831	0.844	0.658	0.000	0.000	0.003	0.003	0.008	0.008	0.003	0.003	0.000	0.000	jtail
0.880	1.064	1.209	1.248	1.038	0.933	0.933	0.894	0.907	0.894	0.000	0.000	0.004	0.005	0.005	0.006	0.004	0.004	0.000	0.000	jtail
1.061	1.124	1.223	1.323	0.936	0.911	0.936	0.936	0.961	0.587	0.000	0.000	0.004	0.004	0.006	0.005	0.004	0.004	0.000	0.000	ohead
1.133	1.324	1.396	1.306	1.351	0.870	0.834	0.653	0.580	0.553	0.000	0.000	0.006	0.005	0.005	0.003	0.004	0.005	0.000	0.000	ohead
0.907	1.448	1.361	1.429	1.236	0.811	0.772	0.792	0.705	0.541	0.000	0.000	0.004	0.004	0.006	0.006	0.004	0.004	0.000	0.000	ohead
1.000	1.517	1.397	1.466	1.121	1.026	0.819	0.595	0.569	0.491	0.000	0.000	0.003	0.004	0.006	0.006	0.005	0.003	0.000	0.000	ohead
0.979	1.036	1.093	1.116	1.310	1.128	0.877	0.831	0.923	0.706	0.000	0.000	0.004	0.005	0.005	0.005	0.005	0.004	0.000	0.000	ohead
0.942	1.154	1.001	1.343	1.190	0.742	0.883	0.919	0.931	0.895	0.000	0.000	0.004	0.005	0.007	0.004	0.004	0.004	0.000	0.000	ohead
1.071	1.721	1.530	1.119	1.023	0.813	0.851	0.631	0.679	0.564	0.000	0.000	0.005	0.004	0.003	0.006	0.006	0.005	0.000	0.000	ohead
1.355	1.689	1.773	1.476	1.104	0.860	0.563	0.479	0.396	0.304	0.000	0.000	0.003	0.005	0.006	0.006	0.004	0.003	0.000	0.000	ohead
1.028	1.138	1.293	1.337	1.006	1.006	0.773	0.961	0.818	0.641	0.000	0.000	0.004	0.005	0.006	0.005	0.004	0.004	0.000	0.000	ohead
1.020	1.330	1.418	1.454	1.356	0.816	0.771	0.709	0.567	0.559	0.000	0.000	0.003	0.004	0.006	0.006	0.005	0.004	0.000	0.000	ohead
0.822	1.374	1.149	1.408	1.081	1.194	0.867	0.777	0.608	0.721	0.000	0.000	0.005	0.004	0.004	0.006	0.004	0.004	0.000	0.000	ohead
0.933	1.288	1.582	1.572	1.116	0.872	0.862	0.659	0.751	0.365	0.000	0.000	0.004	0.004	0.007	0.006	0.004	0.003	0.000	0.000	ohead
0.895	1.304	1.255	1.294	1.226	0.982	0.875	0.798	0.827	0.545	0.000	0.000	0.003	0.005	0.006	0.006	0.005	0.003	0.000	0.000	ohead
1.150	1.501	1.216	1.380	1.019	0.591	0.920	0.701	0.723	0.800	0.000	0.000	0.004	0.004	0.006	0.006	0.005	0.004	0.000	0.000	ohead
2.478	2.258	1.826	1.158	0.762	0.587	0.462	0.183	0.183	0.103	0.000	0.000	0.003	0.005	0.007	0.006	0.004	0.003	0.000	0.000	ohead
1.012	1.350	1.227	1.217	1.135	1.074	0.808	0.603	0.777	0.798	0.000	0.000	0.005	0.003	0.004	0.004	0.006	0.005	0.000	0.000	ohead
0.914	1.119	1.310	1.078	1.214	1.228	0.887	0.709	0.859	0.682	0.000	0.000	0.004	0.005	0.005	0.005	0.004	0.004	0.000	0.000	otail
0.944	1.375	1.061	1.410	1.061	0.921	0.839	0.897	0.839	0.653	0.000	0.000	0.005	0.005	0.004	0.004	0.005	0.005	0.000	0.000	otail
1.159	1.171	1.510	1.329	1.111	0.713	0.833	0.713	0.761	0.700	0.000	0.000	0.004	0.004	0.006	0.006	0.005	0.004	0.000	0.000	otail
1.111	1.010	1.097	1.284	1.356	1.010	0.765	0.895	0.750	0.722	0.000	0.000	0.006	0.004	0.004	0.006	0.004	0.004	0.000	0.000	otail
0.907	1.612	1.366	1.374	1.251	1.066	0.881	0.661	0.493	0.388	0.000	0.000	0.005	0.005	0.005	0.005	0.005	0.003	0.000	0.000	otail
0.893	1.178	1.481	1.481	1.320	0.940	0.788	0.788	0.646	0.484	0.000	0.000	0.005	0.005	0.005	0.005	0.005	0.004	0.000	0.000	otail
1.006	1.248	1.070	1.236	1.223	0.968	0.955	0.815	0.854	0.624	0.000	0.000	0.004	0.005	0.005	0.005	0.005	0.004	0.000	0.000	otail
1.154	1.538	1.071	1.175	1.102	1.008	0.863	0.904	0.634	0.551	0.000	0.000	0.004	0.004	0.006	0.005	0.004	0.005	0.000	0.000	otail
1.283	1.401	1.322	1.165	0.720	1.034	0.798	0.602	0.798	0.877	0.000	0.000	0.003	0.002	0.008	0.009	0.002	0.004	0.000	0.000	otail
1.088	1.249	1.157	1.145	1.168	0.928	0.905	0.802	0.790	0.767	0.000	0.000	0.003	0.004	0.006	0.007	0.004	0.004	0.000	0.000	otail
0.904	1.565	1.399	1.234	1.118	0.962	0.836	0.777	0.709	0.496	0.000	0.000	0.004	0.003	0.007	0.007	0.004	0.003	0.000	0.000	otail
1.101	1.151	1.301	1.281	1.251	1.181	0.971	0.480	0.651	0.631	0.000	0.000	0.005	0.006	0.004	0.004	0.004	0.005	0.000	0.000	otail
0.916	1.042	1.179	1.326	1.221	1.074	0.989	0.926	0.684	0.642	0.000	0.000	0.004	0.004	0.005	0.006	0.005	0.004	0.000	0.000	otail
